
power = 2742.33819225647
throughput = 16707.11
composite = 6768.79205140991
